     0/299     6.59G   0.07958    0.6292   0.03076    0.7396        25       768  0.000234    0.0432 1.814e-05 2.485e-06    0.1108   0.02238   0.03116
     1/299     13.2G   0.08123   0.01004   0.03088    0.1221        31       768   0.03731   0.08716   0.01956   0.00375    0.1074   0.01553   0.03069
     2/299     13.2G   0.07461  0.006507   0.02897    0.1101        43       768     0.551   0.07769    0.0376  0.006861   0.09364   0.01695   0.02676
     3/299     13.2G   0.06418  0.006962   0.02156    0.0927        18       768   0.08785    0.2742    0.1033   0.02329   0.08658   0.01589   0.02116
     4/299     13.2G    0.0602  0.006529   0.01524   0.08197        17       768    0.5995    0.1842     0.138   0.03943   0.08283   0.01647   0.01737
     5/299     13.2G   0.05745  0.006299  0.009943   0.07369        22       768    0.2235    0.5315    0.2761   0.06647   0.08077    0.0168   0.01245
     6/299     13.2G   0.05737  0.006056  0.005646   0.06907        25       768    0.2758    0.4891    0.2737   0.07151   0.08498   0.01678   0.01071
     7/299     13.2G   0.05791  0.006217  0.004669   0.06879        13       768    0.2472    0.2692    0.2182   0.05876    0.0863   0.01705   0.01246
     8/299     13.2G   0.05847  0.006534  0.004194   0.06919        37       768   0.05415   0.09609   0.03304  0.007518    0.0995   0.02036   0.01365
     9/299     13.2G   0.06022  0.006555  0.005636   0.07242        14       768    0.2986    0.2647    0.2017     0.059   0.08679   0.01725   0.01202
    10/299     13.2G   0.05749  0.006858   0.00466   0.06901        20       768    0.5057    0.3305    0.2077    0.0513   0.08697   0.01588   0.01194
    11/299     13.2G   0.05629  0.006807  0.003198    0.0663        12       768    0.3913   0.06273    0.0463    0.0141   0.09628   0.02239   0.02077
    12/299     13.2G   0.05529  0.007109  0.002966   0.06536        41       768    0.3693    0.1276   0.09595   0.03216   0.09425   0.02315   0.02354
    13/299     13.2G   0.05431  0.006782  0.002671   0.06376        15       768    0.3563    0.3839    0.3388     0.092   0.08285   0.01619   0.01048
    14/299     13.2G   0.05313  0.006767  0.002746   0.06264        17       768    0.4384     0.429      0.36    0.1219   0.08294   0.01615   0.01062
    15/299     13.2G   0.05215  0.006802  0.002563   0.06151        29       768    0.5932    0.3649    0.3827     0.108   0.07799    0.0157   0.00893
    16/299     13.2G   0.05192  0.006632  0.002345    0.0609        28       768    0.5621    0.5735    0.5373    0.1675   0.07821   0.01515   0.00946
    17/299     13.2G   0.05042  0.006524  0.002003   0.05895        28       768    0.3852    0.5267    0.4245    0.1275   0.07533   0.01569  0.008491
    18/299     13.2G   0.04861  0.006543  0.001827   0.05698        25       768    0.5316    0.5475    0.5014    0.1537   0.07469   0.01587  0.008147
    19/299     13.2G    0.0483   0.00661  0.001736   0.05665        17       768    0.5518    0.5609    0.5128    0.1598   0.07241   0.01699  0.007638
    20/299     13.2G   0.04792  0.006428  0.001487   0.05584        42       768    0.4869    0.5139    0.4729    0.1547   0.07803   0.01518  0.009577
    21/299     13.2G   0.04713  0.006321  0.001741    0.0552         8       768    0.5604    0.5275    0.5285    0.1686   0.07329    0.0158  0.007171
    22/299     13.2G   0.04722  0.006308  0.001456   0.05499        22       768    0.5269    0.5778    0.5664    0.1724   0.07412   0.01471    0.0074
    23/299     13.2G   0.04678  0.006347  0.001436   0.05456        24       768     0.529    0.5273    0.5204    0.1468   0.07763   0.01481  0.006575
    24/299     13.2G   0.04728  0.006538  0.001448   0.05527        16       768    0.5648    0.6684    0.5742    0.1785   0.06964   0.01519  0.006788
    25/299     13.2G   0.04755  0.006248  0.001444   0.05524        43       768     0.528    0.6176    0.5276    0.1661   0.07273   0.01485  0.006481
    26/299     13.2G   0.04613  0.006149  0.001541   0.05382        14       768     0.489    0.5814    0.6013    0.2173   0.07268   0.01498  0.006834
    27/299     13.2G   0.04559   0.00637  0.001353   0.05331        29       768    0.7158    0.5853    0.6462     0.205   0.07132   0.01533  0.007298
    28/299     13.2G   0.04655  0.006525   0.00139   0.05446        33       768    0.4859    0.7131    0.5755    0.1978   0.07257   0.01541  0.007778
    29/299     13.2G   0.04618  0.006399  0.001396   0.05397        26       768    0.5228    0.6121    0.6462    0.2238   0.07087   0.01499  0.006675
    30/299     13.2G   0.04599  0.006419  0.001295   0.05371        27       768    0.5351    0.7113    0.5762    0.1883    0.0709   0.01512  0.006101
    31/299     13.2G   0.04513  0.006223  0.001141   0.05249        40       768    0.5178    0.7019    0.5702    0.2029   0.06784    0.0169  0.007063
    32/299     13.2G   0.04452  0.006234  0.001043    0.0518        30       768    0.5389     0.683    0.5633    0.2055   0.06821   0.01501  0.007096
    33/299     13.2G   0.04508  0.006195  0.001297   0.05257        23       768     0.493    0.5407    0.4501    0.1617   0.07462   0.01764  0.006882
    34/299     13.2G   0.04499  0.006248  0.001232   0.05247        21       768    0.5181    0.6807    0.6218    0.2337   0.06879    0.0152   0.00694
    35/299     13.2G   0.04511  0.006249  0.001362   0.05272        35       768     0.623    0.6422    0.6414    0.2201     0.069   0.01531  0.005795
    36/299     13.2G   0.04395  0.006593  0.001236   0.05178        20       768    0.6292     0.815    0.7343    0.2522   0.06704   0.01485  0.005709
    37/299     13.2G   0.04324  0.006255  0.001093   0.05059         7       768    0.5457    0.5294    0.5263    0.1471    0.0684   0.01581  0.006315
    38/299     13.2G   0.04328  0.006269    0.0013   0.05085        18       768    0.5551    0.7169    0.6657     0.227   0.06685    0.0151  0.005892
    39/299     13.2G   0.04392  0.006074  0.001173   0.05116        28       768    0.5457    0.7125    0.6434    0.2367   0.06741   0.01502   0.00596
    40/299     13.2G   0.04304  0.006118  0.001189   0.05035        34       768    0.5881    0.7252    0.6605    0.2181   0.06747   0.01492  0.005747
    41/299     13.2G    0.0428  0.006214  0.001041   0.05006        18       768    0.5445    0.7761    0.6753    0.2193   0.06457   0.01507  0.005791
    42/299     13.2G   0.04298     0.006  0.001104   0.05009        39       768    0.5841     0.572    0.5847    0.2049   0.06784   0.01523  0.006982
    43/299     13.2G   0.04257  0.006211 0.0009674   0.04975        20       768    0.6247    0.6011    0.6435    0.2234   0.06599   0.01492  0.006379
    44/299     13.2G   0.04265  0.006242 0.0009282   0.04982        53       768    0.6536    0.7753    0.7347    0.2493   0.06672   0.01443  0.005771
    45/299     13.2G   0.04281  0.006099 0.0008923    0.0498        25       768    0.6252    0.7703     0.727    0.2329   0.06467   0.01471  0.005832
    46/299     13.2G   0.04288  0.006049 0.0009287   0.04986        38       768    0.5324     0.774     0.694    0.2261    0.0639   0.01513  0.005732
    47/299     13.2G   0.04398  0.006081  0.001218   0.05128        20       768    0.6843    0.7337    0.7131    0.2419   0.06694   0.01465  0.005405
    48/299     13.2G   0.04286  0.006229  0.001032   0.05012        23       768    0.6247    0.6833     0.673    0.2388   0.06565   0.01512  0.006312
    49/299     13.2G   0.04258  0.006223 0.0009613   0.04977        18       768    0.7169    0.7292    0.7303    0.2586   0.06405   0.01491  0.006223
    50/299     13.2G   0.04238  0.006127 0.0008921    0.0494        20       768    0.5002    0.6316    0.5813    0.2037   0.06543   0.01502  0.006312
    51/299     13.2G   0.04205  0.006189 0.0008892   0.04912        38       768    0.6706    0.6343     0.674    0.2521   0.06596   0.01487  0.005384
    52/299     13.2G   0.04188  0.006166 0.0009432   0.04899        35       768     0.624    0.6387    0.6135    0.2098   0.06451   0.01557  0.005498
    53/299     13.2G   0.04245   0.00599 0.0008017   0.04924        25       768    0.5374    0.7477    0.6321    0.2177   0.06405   0.01496  0.005219
    54/299     13.2G   0.04187  0.006046 0.0007807   0.04869        23       768    0.6589    0.6694    0.6932     0.252   0.06487   0.01532   0.00526
    55/299     13.2G   0.04146  0.005787  0.000792   0.04804        39       768    0.6138    0.8038    0.7081    0.2698   0.06414   0.01473  0.005307
    56/299     13.2G   0.04192  0.005913 0.0008603   0.04869        36       768    0.6402    0.7037    0.6557    0.2347     0.066   0.01499  0.005973
    57/299     13.2G   0.04129  0.005979 0.0007468   0.04801        31       768    0.5807    0.7748    0.6501     0.235   0.06468   0.01487  0.005765
    58/299     13.2G   0.04162  0.006106 0.0007712   0.04849        29       768    0.6273     0.723    0.6843    0.2084   0.06351   0.01518  0.005363
    59/299     13.2G   0.04088  0.005968 0.0008279   0.04767        28       768    0.5491    0.8243    0.6983    0.2676   0.06326    0.0148  0.005265
    60/299     13.2G   0.04144  0.005853 0.0009836   0.04827        15       768    0.6457    0.7353    0.6978    0.2637   0.06314   0.01468  0.005191
    61/299     13.2G   0.04157  0.005781 0.0007973   0.04814        19       768    0.6098    0.6837    0.6685    0.2461   0.06276   0.01488  0.005214
    62/299     13.2G   0.04101  0.005956 0.0007213   0.04769        32       768    0.7183     0.741    0.7287    0.2589   0.06223   0.01482   0.00516
    63/299     13.2G   0.04122  0.006028 0.0009551   0.04821         9       768    0.7442    0.7204    0.7577     0.286   0.06071   0.01485  0.005068
    64/299     13.2G   0.04122   0.00588 0.0008774   0.04797        24       768    0.6593    0.7793    0.7124    0.2419   0.06233   0.01491   0.00495
    65/299     13.2G   0.04069  0.006168  0.000903   0.04776        11       768    0.6175    0.6946     0.636    0.2408   0.06181    0.0153  0.005127
    66/299     13.2G   0.04036  0.005831 0.0009896   0.04718        37       768    0.7489    0.7309    0.7721    0.2649   0.06209   0.01498  0.005243
    67/299     13.2G   0.04072  0.005891 0.0007389   0.04735        60       768    0.7455    0.7415    0.7814     0.308   0.06074   0.01509  0.005056
    68/299     13.2G   0.04041  0.005792  0.000695    0.0469        19       768    0.6092    0.7965    0.6931    0.2632   0.06118   0.01499  0.004959
    69/299     13.2G   0.04008  0.005901 0.0007967   0.04678        28       768    0.5859    0.7182    0.6746    0.2367   0.06126   0.01621  0.004981
    70/299     13.2G   0.04057  0.005955 0.0006377   0.04717        32       768    0.7172    0.6392    0.6864    0.2681   0.06071   0.01543  0.005412
    71/299     13.2G   0.04061   0.00603  0.000883   0.04752        16       768    0.5926    0.7411    0.6332    0.2201   0.06283    0.0158  0.004989
    72/299     13.2G   0.04061  0.005792 0.0007716   0.04718        30       768    0.8146    0.7019     0.778    0.2834   0.06104   0.01494  0.005117
    73/299     13.2G   0.04005  0.006053 0.0006514   0.04676        33       768     0.593    0.8106    0.7182     0.287    0.0612   0.01496   0.00465
    74/299     13.2G    0.0396  0.005911 0.0006694   0.04619        17       768    0.5671    0.8198    0.6978    0.2585   0.06157   0.01515  0.004739
    75/299     13.2G   0.04028  0.005684 0.0007513   0.04671        15       768    0.6355    0.7096    0.7192    0.2575   0.06213   0.01494  0.005011
    76/299     13.2G   0.04001  0.005834 0.0007451   0.04659        12       768    0.6362    0.8437    0.7574    0.2422   0.06166   0.01479  0.004806
    77/299     13.2G   0.04005  0.005875 0.0007168   0.04664        51       768    0.6479    0.7787    0.6974    0.2371   0.06119   0.01518  0.004743
    78/299     13.2G   0.03999  0.005704 0.0006858   0.04638        21       768     0.642    0.8337    0.7386    0.2795   0.06059    0.0147  0.005109
    79/299     13.2G    0.0398  0.005834 0.0006196   0.04625        29       768    0.6776    0.7422    0.7469    0.2954   0.06188   0.01491  0.004725
    80/299     13.2G   0.03927  0.005958  0.000604   0.04583         9       768    0.6655    0.7433    0.7217    0.2631   0.05993   0.01474    0.0048
    81/299     13.2G   0.03962  0.005734 0.0007195   0.04608        31       768    0.6032    0.8509    0.7336    0.2503   0.05916   0.01515  0.004803
    82/299     13.2G    0.0397  0.005703 0.0007767   0.04618        19       768    0.5444    0.7841    0.6866    0.2376   0.06011   0.01486   0.00474
    83/299     13.2G   0.03934  0.005931  0.000686   0.04596         6       768    0.6515    0.6469    0.6799    0.2304   0.06172   0.01536   0.00494
    84/299     13.2G   0.04015  0.005751 0.0007093   0.04661        36       768    0.6447    0.7992    0.7127    0.2635   0.05999   0.01481  0.005059
    85/299     13.2G   0.03909  0.005948 0.0007978   0.04584        22       768    0.6956    0.7611    0.7248     0.259   0.05987     0.015  0.005198
    86/299     13.2G   0.03914  0.005747 0.0007209   0.04561         8       768    0.6438    0.7672    0.7259    0.2651    0.0596   0.01497  0.004825
    87/299     13.2G   0.03919  0.005857  0.000905   0.04595        48       768    0.6635    0.8051    0.7473    0.2584   0.05988   0.01477  0.004787
    88/299     13.2G   0.03905  0.005757 0.0006531   0.04546        33       768    0.5664    0.7903    0.7175    0.2716    0.0604   0.01466  0.004685
    89/299     13.2G   0.03865  0.005987 0.0007082   0.04534        23       768    0.6889    0.6907    0.7148    0.2631   0.05948   0.01509  0.004751
    90/299     13.2G   0.03885  0.005853 0.0006251   0.04533         8       768    0.7471    0.6733    0.7826      0.28   0.05822   0.01481   0.00464
    91/299     13.2G   0.03876  0.005707 0.0007252   0.04519        48       768    0.6888    0.7649    0.7293    0.2682   0.05952   0.01531  0.005215
    92/299     13.2G   0.03918   0.00598 0.0006737   0.04583        25       768    0.6356    0.8227    0.7541    0.2766   0.05821   0.01498  0.005156
    93/299     13.2G    0.0387  0.005744 0.0007272   0.04517        15       768    0.6062    0.7822    0.7158    0.2337   0.06145   0.01521  0.005413
    94/299     13.2G   0.03884  0.005828 0.0007724   0.04544        48       768    0.6533    0.7639    0.7346    0.2833    0.0613   0.01492  0.004984
    95/299     13.2G   0.03923  0.005856  0.000678   0.04576        16       768    0.6544    0.7481    0.7307    0.2763   0.05963    0.0149  0.004886
    96/299     13.2G   0.03821  0.005902 0.0005383   0.04465        18       768    0.7331    0.7783    0.7801    0.2968   0.06003   0.01503  0.004661
    97/299     13.2G   0.03819  0.005822 0.0005589   0.04457        30       768    0.6251     0.789    0.7486    0.2637   0.05938   0.01494  0.004834
    98/299     13.2G   0.03857  0.005802 0.0006621   0.04503        32       768    0.7434    0.7553    0.7682    0.2873   0.06007   0.01481  0.004578
    99/299     13.2G   0.03878  0.005657 0.0006578   0.04509        15       768    0.6575    0.8611    0.8083    0.2669   0.05988   0.01516  0.004672
   100/299     13.2G   0.03819  0.005949 0.0007159   0.04485        37       768    0.7492     0.693    0.7419    0.2843   0.05972   0.01473  0.004795
   101/299     13.2G   0.03791   0.00591 0.0007141   0.04453        25       768    0.7006    0.6194    0.6617    0.2138   0.06148   0.01532  0.005007
   102/299     13.2G   0.03797  0.005527 0.0005809   0.04408        34       768    0.7974    0.6998    0.7605    0.2682   0.05882   0.01524  0.005148
   103/299     13.2G   0.03818  0.005941 0.0006845   0.04481        10       768    0.6288    0.7956    0.7465    0.2506   0.06101   0.01515  0.004662
   104/299     13.2G   0.03818  0.005942 0.0005535   0.04467        18       768    0.6829    0.6671    0.6855    0.2427   0.05964   0.01516  0.004653
   105/299     13.2G   0.03779  0.005861 0.0006447    0.0443        14       768    0.6027    0.7631    0.6678    0.2429   0.05929   0.01534  0.004884
   106/299     13.2G   0.03842  0.005841 0.0006439   0.04491        28       768    0.7575    0.7841    0.7974    0.2771   0.05788   0.01491  0.004551
   107/299     13.2G   0.03782  0.005844 0.0004887   0.04416         6       768    0.7419    0.7707    0.7692     0.289   0.05785   0.01485  0.004416
   108/299     13.2G   0.03722   0.00569 0.0005649   0.04348        33       768    0.6688    0.8318    0.7829    0.2815   0.05797   0.01485  0.004389
   109/299     13.2G   0.03746  0.005895 0.0006059   0.04396        39       768    0.7972    0.7076    0.7865    0.2911   0.05846    0.0153  0.004413
   110/299     13.2G    0.0378  0.005753 0.0005152   0.04407        21       768     0.679    0.7398    0.7386    0.2701   0.05708   0.01492  0.004635
   111/299     13.2G   0.03678  0.005941 0.0004403   0.04316        52       768     0.727    0.8174    0.8074    0.3269   0.05746   0.01483  0.004561
   112/299     13.2G   0.03766  0.005684 0.0004792   0.04383        19       768    0.7149    0.7856    0.8008    0.3097   0.05799   0.01491  0.004333
   113/299     13.2G   0.03691  0.005644 0.0004447     0.043        24       768    0.5722    0.8732    0.7205     0.255   0.05665   0.01518  0.004419
   114/299     13.2G    0.0369  0.005818 0.0005483   0.04326        22       768    0.7385    0.7553    0.7883    0.2823   0.05642   0.01529  0.004406
   115/299     13.2G   0.03729  0.005828 0.0005243   0.04364        20       768    0.7474    0.6845    0.7335    0.2799   0.05642   0.01518  0.004305
   116/299     13.2G   0.03705  0.005744 0.0004781   0.04327        21       768    0.6335    0.7661    0.7162    0.2713   0.05644   0.01502  0.004234
   117/299     13.2G   0.03686   0.00578 0.0005503   0.04319        20       768    0.6261     0.825    0.7709    0.2814   0.05792   0.01517  0.004275
   118/299     13.2G   0.03787  0.005739 0.0005052   0.04412        19       768    0.7384    0.7026    0.7613     0.271   0.05907   0.01519  0.004521
   119/299     13.2G   0.03788   0.00549 0.0005613   0.04393        10       768    0.6908    0.7605    0.7527    0.3003   0.05854   0.01463  0.004416
   120/299     13.2G   0.03688  0.005581 0.0004463   0.04291        24       768    0.6966    0.7273    0.7389    0.2947   0.05878    0.0153  0.004366
   121/299     13.2G   0.03688  0.005846 0.0006141   0.04333        34       768    0.7417    0.7301    0.7425    0.2964   0.05819   0.01493  0.004336
   122/299     13.2G   0.03695  0.005538  0.000529   0.04302         7       768    0.6917    0.8063    0.7581    0.2583   0.05887   0.01556  0.004435
   123/299     13.2G   0.03689  0.005721 0.0005089   0.04312        25       768    0.6166    0.8666    0.7588    0.2704    0.0581   0.01511  0.004224
   124/299     13.2G   0.03678  0.005699  0.000526   0.04301        44       768    0.6421    0.7299    0.7043    0.2737   0.05791    0.0152   0.00437
   125/299     13.2G    0.0371   0.00569 0.0005323   0.04332        22       768    0.6547    0.8066     0.735    0.2932   0.05767   0.01485  0.004207
   126/299     13.2G   0.03689  0.005521 0.0004864   0.04289        19       768    0.6848       0.7    0.7348    0.2604   0.05752   0.01497  0.004202
   127/299     13.2G   0.03611  0.006074 0.0005091   0.04269        19       768    0.6892    0.7474    0.7641    0.2622   0.05692   0.01512  0.004258
   128/299     13.2G     0.036  0.005662 0.0004249   0.04208        29       768    0.7026    0.7146    0.7533    0.2798   0.05765   0.01559  0.004261
   129/299     13.2G   0.03626  0.005495 0.0005296   0.04229        37       768    0.6521    0.8174    0.7092    0.2474   0.05765   0.01514  0.004362
   130/299     13.2G   0.03665  0.005498 0.0004303   0.04257        23       768    0.6557    0.8472    0.7714    0.2902   0.05835   0.01501  0.004299
   131/299     13.2G   0.03657  0.005495   0.00057   0.04263        25       768    0.6529    0.8105     0.741    0.2969    0.0565   0.01511  0.004291
   132/299     13.2G   0.03647  0.005778 0.0004001   0.04265        49       768    0.6646    0.7727    0.7372    0.2359    0.0581   0.01532  0.004233
   133/299     13.2G   0.03652  0.005769 0.0004685   0.04276        33       768    0.7419    0.6997    0.7344    0.2641   0.05741   0.01501  0.004134
   134/299     13.2G   0.03568  0.005606 0.0004693   0.04176        39       768    0.6313    0.8414    0.7311    0.2646   0.05666   0.01499   0.00413
   135/299     13.2G   0.03596  0.005639 0.0005026    0.0421        28       768    0.6854    0.7487    0.7679    0.2858   0.05672    0.0149  0.004178
   136/299     13.2G    0.0363  0.005637 0.0005226   0.04246        30       768      0.58    0.8141    0.7253    0.2751   0.05769   0.01489  0.004151
   137/299     13.2G   0.03568  0.005677 0.0004194   0.04178        21       768    0.6939    0.7272    0.7513    0.2889   0.05714   0.01516  0.004135
   138/299     13.2G   0.03594  0.005805 0.0004411   0.04219        36       768    0.6777    0.7968    0.7797    0.2925   0.05746   0.01489  0.004203
   139/299     13.2G    0.0361  0.005684 0.0005169    0.0423        25       768    0.6515    0.8229     0.765    0.2764   0.05721   0.01496  0.004075
   140/299     13.2G   0.03639   0.00571 0.0005034    0.0426        21       768    0.7151    0.7608     0.752    0.2811   0.05644   0.01488  0.004067
   141/299     13.2G   0.03547  0.005658 0.0005947   0.04172        24       768    0.6178      0.77      0.77    0.2849    0.0583   0.01493  0.004193
   142/299     13.2G   0.03583  0.005696 0.0004427   0.04197        19       768     0.827    0.7103    0.8054    0.3149    0.0581   0.01475  0.004182
   143/299     13.2G   0.03578  0.005675 0.0004417    0.0419        30       768    0.5918    0.8132    0.7539    0.2885   0.05621   0.01482   0.00401
   144/299     13.2G   0.03537  0.005543 0.0005014   0.04142        21       768    0.7161    0.7665    0.7791    0.3001   0.05637   0.01488  0.004001
   145/299     13.2G   0.03506  0.005546 0.0004719   0.04108        17       768    0.6453    0.7254    0.7391     0.256   0.05704   0.01511  0.004042
   146/299     13.2G   0.03551  0.005751 0.0003433   0.04161        41       768    0.6506    0.7709    0.7143     0.281   0.05705   0.01481  0.004114
   147/299     13.2G   0.03527  0.005535 0.0004283   0.04123        31       768    0.6579    0.7906    0.7235      0.24   0.05726   0.01504  0.004056
   148/299     13.2G   0.03468  0.005614 0.0004001   0.04069        19       768    0.7546    0.7411    0.7503     0.274   0.05675   0.01481  0.004099
   149/299     13.2G   0.03476  0.005633 0.0005861   0.04098        46       768     0.695    0.7951    0.7841    0.2744   0.05649   0.01494  0.004075
   150/299     13.2G   0.03597  0.005441 0.0005701   0.04198        21       768    0.6451    0.7862    0.7307    0.2588   0.05699   0.01508  0.004136
   151/299     13.2G   0.03552  0.005619 0.0004935   0.04164        34       768    0.6669     0.785     0.747    0.2942   0.05692   0.01483  0.003971
   152/299     13.2G   0.03523  0.005648 0.0005312   0.04141        28       768    0.7371    0.7946    0.8109    0.3248    0.0568   0.01467  0.004066
   153/299     13.2G   0.03537  0.005574 0.0004165   0.04136        13       768    0.7154    0.8012    0.7924    0.3215   0.05588   0.01474  0.003999
   154/299     13.2G   0.03463  0.005611 0.0004538   0.04069        46       768    0.6525    0.8365    0.7818      0.31   0.05604   0.01498  0.004018
   155/299     13.2G   0.03492  0.005508 0.0004549   0.04088        17       768    0.6901    0.7575    0.7559    0.3041   0.05587   0.01485  0.004054
   156/299     13.2G   0.03475  0.005647 0.0003521   0.04074        35       768    0.6792    0.7974    0.7607    0.2805   0.05669   0.01492  0.004031
   157/299     13.2G   0.03396  0.005561 0.0003302   0.03985        36       768    0.6608    0.7766    0.7391    0.2665   0.05627   0.01508   0.00416
   158/299     13.2G   0.03461   0.00546 0.0005889   0.04065        26       768    0.6504    0.8188     0.789    0.2826   0.05706   0.01499  0.004001
   159/299     13.2G   0.03445  0.005388 0.0004416   0.04028        26       768    0.6991    0.7507    0.7746    0.2776   0.05704   0.01503  0.003924
   160/299     13.2G   0.03452  0.005663 0.0003866   0.04057        19       768    0.6359    0.7687    0.7473    0.2792   0.05684   0.01488  0.003983
   161/299     13.2G   0.03435  0.005536 0.0004996   0.04038        17       768    0.6292     0.835     0.764    0.2864   0.05593   0.01499  0.004009
   162/299     13.2G   0.03419   0.00544 0.0003183   0.03995        36       768    0.7126    0.7818    0.8096    0.2967   0.05579   0.01482  0.003992
   163/299     13.2G   0.03385  0.005538 0.0004044   0.03979        26       768    0.7621     0.767    0.7848    0.2977    0.0558   0.01502  0.003933
   164/299     13.2G   0.03423  0.005503 0.0004165   0.04015        33       768    0.6558    0.8029    0.7782    0.2982   0.05608   0.01494  0.003902
   165/299     13.2G   0.03382  0.005571 0.0005119    0.0399        41       768    0.6551    0.7678    0.7604    0.2977   0.05604   0.01483  0.004024
   166/299     13.2G   0.03366  0.005403 0.0004227   0.03948        22       768    0.7288    0.6901    0.7476    0.3023    0.0565   0.01473  0.003963
   167/299     13.2G   0.03399  0.005544 0.0003791   0.03991        20       768    0.7398    0.7912    0.7884    0.3009   0.05596   0.01457  0.003864
   168/299     13.2G   0.03442  0.005364 0.0005504   0.04033        17       768    0.6524    0.7784    0.7467    0.2821    0.0561   0.01489  0.003878
   169/299     13.2G   0.03392  0.005424 0.0004308   0.03978        31       768    0.7182    0.7869    0.8065    0.3118   0.05547   0.01488  0.003831
   170/299     13.2G   0.03384  0.005584 0.0004482   0.03987        31       768    0.7942    0.6883     0.774    0.2668   0.05606   0.01507  0.003873
   171/299     13.2G   0.03415  0.005275 0.0004761    0.0399        21       768    0.6682    0.8538    0.7748     0.293   0.05572   0.01482  0.003925
   172/299     13.2G   0.03356  0.005314 0.0004056   0.03928        25       768    0.6651    0.8097    0.7793    0.2723   0.05625   0.01497  0.004011
   173/299     13.2G   0.03362   0.00546 0.0003339   0.03941        45       768    0.7515    0.7869      0.79    0.2856   0.05543   0.01499  0.003816
   174/299     13.2G   0.03319  0.005677 0.0003955   0.03927        29       768    0.6523     0.848    0.7855    0.2948   0.05545    0.0148  0.003778
   175/299     13.2G   0.03379  0.005266 0.0004627   0.03952        19       768    0.6719    0.8146    0.7895    0.3176   0.05528   0.01481  0.003773
   176/299     13.2G   0.03331  0.005488 0.0004632   0.03926        26       768    0.6366     0.868     0.781    0.3157   0.05482   0.01485  0.003835
   177/299     13.2G   0.03357  0.005505 0.0004433   0.03952        17       768    0.7686    0.7393    0.8156    0.3176   0.05555     0.015  0.003805
   178/299     13.2G   0.03338  0.005279 0.0004629   0.03913        20       768    0.7033    0.7955    0.7713    0.2948   0.05629   0.01492  0.003917
   179/299     13.2G   0.03384  0.005444 0.0004232   0.03971        14       768    0.6976    0.8002    0.8101    0.3074   0.05547   0.01469  0.003854
   180/299     13.2G   0.03361  0.005431   0.00045   0.03949        64       768    0.7932     0.773    0.8139    0.2924     0.056   0.01492  0.003736
   181/299     13.2G   0.03297  0.005539 0.0003706   0.03888        15       768    0.7059    0.8223    0.8083    0.3027   0.05553   0.01491  0.003807
   182/299     13.2G   0.03379  0.005542 0.0005366   0.03987        23       768     0.745    0.7969    0.8365    0.3201   0.05478    0.0146  0.003861
   183/299     13.2G   0.03317  0.005496  0.000468   0.03913        24       768    0.7045    0.7836    0.8025    0.3352   0.05485   0.01449  0.003768
   184/299     13.2G    0.0329  0.005421 0.0004172   0.03874        32       768    0.7531    0.7985    0.8086       0.3   0.05509   0.01469  0.003692
   185/299     13.2G   0.03276  0.005451 0.0004394   0.03865        20       768    0.7212    0.7232     0.776     0.312   0.05436   0.01484  0.003744
   186/299     13.2G   0.03304  0.005358 0.0003794   0.03877        19       768    0.7496    0.7489      0.78    0.2782   0.05499   0.01492  0.003747
   187/299     13.2G   0.03312   0.00532 0.0004013   0.03884        23       768    0.6887     0.729    0.7223    0.2794   0.05557   0.01489  0.003679
   188/299     13.2G   0.03336  0.005423 0.0004605   0.03924        20       768    0.6797    0.7552    0.7426    0.2932   0.05561   0.01547  0.003787
   189/299     13.2G   0.03355   0.00546 0.0004623   0.03947        24       768    0.7324    0.7578    0.7989    0.3058   0.05602   0.01493  0.003798
   190/299     13.2G   0.03356   0.00557  0.000444   0.03958        16       768    0.6983    0.7875    0.7741    0.2958   0.05563   0.01525  0.003808
   191/299     13.2G   0.03359  0.005489  0.000352   0.03943        28       768    0.6743    0.7584    0.7534    0.3219   0.05554   0.01501  0.003661
   192/299     13.2G   0.03261  0.005586 0.0003699   0.03856        34       768    0.7241    0.7922    0.8127     0.343   0.05502   0.01468  0.003674
   193/299     13.2G   0.03236  0.005333 0.0003162   0.03801        19       768     0.693    0.7271    0.7279    0.2903   0.05596   0.01488  0.003621
   194/299     13.2G   0.03255  0.005458 0.0002725   0.03828        22       768    0.7226    0.7544    0.7577    0.2898   0.05625   0.01483  0.003593
   195/299     13.2G   0.03297  0.005546  0.000303   0.03882        25       768    0.7079    0.8162    0.7986    0.3226   0.05664   0.01462  0.003602
   196/299     13.2G   0.03244   0.00565 0.0004106    0.0385        24       768    0.7556    0.7634    0.8023    0.3487   0.05536   0.01467  0.003595
   197/299     13.2G   0.03257  0.005338 0.0003629   0.03827        27       768    0.7441    0.7679    0.8097    0.3145   0.05581   0.01472  0.003612
   198/299     13.2G   0.03245  0.005167 0.0003415   0.03796        25       768    0.7623    0.7252    0.8086    0.3498   0.05525   0.01459  0.003645
   199/299     13.2G   0.03195  0.005404   0.00032   0.03768        38       768    0.7406    0.7369    0.7977     0.334   0.05565   0.01484  0.003575
   200/299     13.2G   0.03231  0.005472 0.0003353   0.03811        27       768    0.6834    0.8283    0.8261    0.3057   0.05515   0.01467   0.00362
   201/299     13.2G   0.03254  0.005324 0.0003382   0.03821        41       768    0.8247    0.7264    0.8281    0.3429   0.05467   0.01476  0.003613
   202/299     13.2G   0.03205  0.005332 0.0003628   0.03774        24       768    0.8258    0.7043    0.8196    0.3407   0.05494   0.01479  0.003658
   203/299     13.2G   0.03255  0.005247 0.0003448   0.03814        30       768    0.7744    0.7775    0.8239    0.3322   0.05497    0.0148  0.003601
   204/299     13.2G   0.03223  0.005009 0.0003682   0.03761        21       768    0.8271    0.7164    0.8245    0.3232    0.0548   0.01481  0.003604
   205/299     13.2G   0.03181  0.005335 0.0003901   0.03753        31       768    0.7544    0.8096     0.825    0.3214   0.05492   0.01478  0.003553
   206/299     13.2G   0.03133  0.005505 0.0003658    0.0372        47       768    0.7729    0.7801    0.8168    0.3089    0.0552   0.01484  0.003534
   207/299     13.2G   0.03135  0.005321 0.0002794   0.03695        34       768     0.757    0.7363    0.8043    0.3247   0.05499   0.01473  0.003527
   208/299     13.2G   0.03163   0.00525 0.0003858   0.03727        41       768    0.7465    0.7827    0.8054    0.3365   0.05508   0.01503  0.003524
   209/299     13.2G    0.0314  0.005285 0.0003558   0.03704        43       768    0.7399     0.802    0.7898    0.3269   0.05522   0.01476  0.003544
   210/299     13.2G   0.03127  0.005181 0.0002984   0.03675        53       768    0.7761    0.7333    0.7919    0.3291   0.05482    0.0148  0.003605
   211/299     13.2G   0.03155  0.005181 0.0003898   0.03712        28       768    0.7303    0.8156    0.7988    0.3328     0.055   0.01469   0.00352
   212/299     13.2G    0.0313  0.005305 0.0003083   0.03691        25       768     0.787    0.7434    0.8292    0.3598   0.05462   0.01464  0.003499
   213/299     13.2G   0.03115   0.00531 0.0002699   0.03673        28       768    0.7937    0.7888    0.8208    0.3359   0.05483   0.01476  0.003491
   214/299     13.2G   0.03122  0.005329  0.000311   0.03686        47       768    0.7786    0.7569    0.8039    0.3369   0.05435   0.01449  0.003518
   215/299     13.2G   0.03155  0.005299 0.0003418   0.03719        20       768    0.7443    0.8096    0.8251    0.3506   0.05509   0.01467  0.003459
   216/299     13.2G    0.0317  0.005268 0.0003498   0.03732        31       768    0.7646      0.77    0.8167    0.3484   0.05506    0.0146  0.003465
   217/299     13.2G   0.03122  0.005214 0.0003447   0.03678        40       768     0.765    0.7344    0.7714    0.2983   0.05575   0.01488  0.003415
   218/299     13.2G   0.03124  0.005125 0.0003065   0.03667        23       768    0.7529    0.7517     0.767    0.3033    0.0558   0.01468  0.003412
   219/299     13.2G   0.03104   0.00521 0.0002886   0.03654        34       768     0.704    0.8166    0.7769     0.315   0.05543    0.0147  0.003414
   220/299     13.2G   0.03045  0.005363 0.0003072   0.03612        26       768    0.7104    0.8035    0.7735    0.3056    0.0553    0.0148  0.003366
   221/299     13.2G    0.0308  0.005164 0.0003039   0.03627        39       768    0.7064    0.8049    0.7943     0.317   0.05534   0.01479  0.003376
   222/299     13.2G   0.03076  0.005389 0.0002372   0.03639        20       768    0.7016    0.8216     0.793    0.3345   0.05508   0.01467  0.003387
   223/299     13.2G   0.03101  0.005433 0.0003161   0.03676        23       768    0.7565    0.7903     0.794    0.3215   0.05581   0.01482  0.003425
   224/299     13.2G   0.03089  0.005179  0.000358   0.03643        18       768    0.7083    0.8165    0.7896    0.3104   0.05571   0.01472  0.003463
   225/299     13.2G   0.03076  0.005187 0.0003409   0.03628        38       768    0.7481    0.7419    0.7824    0.3097   0.05579   0.01477  0.003486
   226/299     13.2G   0.03051  0.005163 0.0002907   0.03596        33       768     0.745    0.7608    0.7919    0.3379   0.05545   0.01451  0.003488
   227/299     13.2G   0.03035  0.005381 0.0003783   0.03611        43       768    0.7167    0.8061    0.7872    0.3418   0.05541   0.01468  0.003438
   228/299     13.2G   0.03069  0.005294 0.0004899   0.03647        45       768    0.7392    0.8017    0.8081    0.3266    0.0554   0.01464  0.003453
   229/299     13.2G   0.03012  0.005057 0.0002973   0.03547        63       768    0.7785    0.7398    0.7785    0.3302   0.05515   0.01455  0.003456
   230/299     13.2G   0.03055  0.005259 0.0002948    0.0361        33       768    0.7065     0.778     0.749    0.3165   0.05526   0.01444  0.003429
   231/299     13.2G    0.0301  0.005169 0.0003326    0.0356        33       768    0.7372      0.74    0.7769     0.328   0.05519   0.01432  0.003417
   232/299     13.2G   0.02993  0.005201 0.0002409   0.03537        23       768    0.7061    0.8478    0.7929    0.3404   0.05466   0.01439   0.00345
   233/299     13.2G   0.03012  0.005228 0.0003232   0.03567        18       768    0.6956    0.8513    0.8073    0.3557   0.05507   0.01447   0.00338
   234/299     13.2G   0.03041  0.005164 0.0003163   0.03589        33       768      0.72    0.7942    0.7912    0.3562   0.05512   0.01451  0.003364
   235/299     13.2G   0.02986  0.004997 0.0003995   0.03526        20       768    0.7625    0.7423    0.8034    0.3644   0.05559   0.01454  0.003418
   236/299     13.2G   0.03012  0.005071 0.0003455   0.03554        26       768    0.7316    0.7591    0.8022    0.3519   0.05576   0.01441  0.003408
   237/299     13.2G   0.03015   0.00518 0.0002828   0.03561        32       768    0.7569    0.7501    0.7811     0.326   0.05537   0.01447  0.003387
   238/299     13.2G   0.02984  0.005229 0.0002387   0.03531         8       768    0.7603    0.7926    0.8187    0.3544   0.05492   0.01439  0.003387
   239/299     13.2G   0.02981  0.005033 0.0002706   0.03511        24       768    0.7197     0.811    0.8058    0.3421   0.05517   0.01442   0.00333
   240/299     13.2G   0.02947  0.005166  0.000329   0.03497        35       768    0.7215    0.7889    0.7921    0.3413   0.05539   0.01457  0.003338
   241/299     13.2G   0.02958  0.005143  0.000339   0.03506        28       768    0.7575    0.7511    0.8039    0.3485   0.05524   0.01453  0.003346
   242/299     13.2G   0.02982  0.005241 0.0003022   0.03536        29       768    0.6865    0.8173    0.7856    0.3394   0.05481   0.01438  0.003363
   243/299     13.2G   0.03027  0.005261 0.0003766   0.03591        29       768    0.7087    0.8371    0.8158    0.3443   0.05517   0.01459  0.003343
   244/299     13.2G   0.03053  0.005064 0.0003145   0.03591        17       768    0.6559     0.836    0.7861    0.3348   0.05534    0.0145  0.003323
   245/299     13.2G   0.03014  0.005139 0.0002781   0.03556        17       768    0.7584     0.802    0.8229    0.3374    0.0556   0.01435  0.003274
   246/299     13.2G   0.02939  0.005104 0.0002883   0.03478        16       768    0.7419    0.7647    0.7804    0.3445   0.05545   0.01441  0.003285
   247/299     13.2G   0.02999  0.005092 0.0002477   0.03533        28       768    0.6866    0.7787    0.7656    0.3174   0.05536   0.01446  0.003307
   248/299     13.2G    0.0294  0.005008 0.0003268   0.03473        28       768    0.6703    0.7513    0.7407    0.3197   0.05501   0.01436  0.003314
   249/299     13.2G   0.02986  0.005198 0.0003453   0.03541        14       768    0.6424    0.8348    0.7676    0.3243   0.05484   0.01446  0.003323
   250/299     13.2G   0.02961   0.00508 0.0002916   0.03498        27       768    0.7407    0.7339    0.7845    0.3199   0.05516   0.01437  0.003349
   251/299     13.2G   0.02941  0.005304 0.0003476   0.03506        20       768    0.7435    0.8038    0.8056    0.3203   0.05558   0.01442  0.003329
   252/299     13.2G   0.02934  0.004988 0.0003144   0.03464        13       768    0.7359    0.7895    0.7903    0.3238   0.05565   0.01447  0.003319
   253/299     13.2G   0.02945  0.005097 0.0003372   0.03488         8       768    0.7186    0.8089    0.7957    0.3264   0.05534   0.01437  0.003297
   254/299     13.2G     0.029  0.005074 0.0003373   0.03441        36       768    0.7802    0.7367    0.7994    0.3202   0.05553   0.01443  0.003309
   255/299     13.2G   0.02987   0.00508 0.0003789   0.03533        42       768    0.7199    0.7958    0.7963    0.3214   0.05546   0.01441  0.003295
   256/299     13.2G   0.02954  0.005086 0.0003258   0.03495        28       768    0.7047    0.8122    0.8062    0.3166   0.05577   0.01437   0.00328
   257/299     13.2G   0.02906  0.005104  0.000302   0.03447        17       768    0.7681    0.7346    0.8062    0.3328   0.05583   0.01434  0.003276
   258/299     13.2G   0.02894   0.00493 0.0002411   0.03411        28       768     0.809    0.7138    0.8108    0.3419   0.05559   0.01421  0.003259
   259/299     13.2G   0.02894  0.005161 0.0002199   0.03432        33       768    0.8036    0.7136    0.8067    0.3399   0.05548   0.01418  0.003243
   260/299     13.2G   0.02902  0.005042 0.0002262   0.03429        19       768    0.7228    0.7963    0.7969    0.3282   0.05549   0.01431  0.003254
   261/299     13.2G   0.02896   0.00503 0.0003318   0.03432        48       768    0.7204    0.8075    0.7957    0.3396    0.0556   0.01434  0.003265
   262/299     13.2G   0.02849  0.005083 0.0003381   0.03391        22       768    0.7275    0.7541    0.7699    0.3294   0.05564   0.01449  0.003285
   263/299     13.2G     0.029  0.005056 0.0003121   0.03437        25       768    0.7427    0.7583    0.7864    0.3297   0.05549   0.01437  0.003259
   264/299     13.2G    0.0283  0.005132 0.0003334   0.03376        28       768    0.7188    0.7706    0.7958    0.3323   0.05539    0.0143  0.003258
   265/299     13.2G   0.02881  0.004972 0.0002602   0.03404        19       768    0.7257    0.7589     0.792    0.3363   0.05532   0.01426  0.003252
   266/299     13.2G   0.02895  0.004808 0.0002765   0.03404        31       768    0.7267    0.7642    0.8027    0.3436    0.0553    0.0143  0.003226
   267/299     13.2G   0.02826  0.005076 0.0002796   0.03362        32       768    0.6897    0.7568    0.7422    0.3259   0.05543   0.01423  0.003224
   268/299     13.2G   0.02887  0.005065 0.0002931   0.03423        52       768    0.6901    0.7822    0.7506    0.3275   0.05551   0.01439   0.00322
   269/299     13.2G   0.02867  0.005177 0.0002755   0.03412        16       768    0.6581    0.8093    0.7502    0.3219   0.05564   0.01443  0.003215
   270/299     13.2G   0.02819  0.004764 0.0002502    0.0332        14       768    0.6845    0.7886    0.7569    0.3464   0.05523   0.01431  0.003209
   271/299     13.2G   0.02864  0.004893 0.0003154   0.03384        39       768    0.6602    0.8184    0.7709    0.3433   0.05505   0.01441  0.003232
   272/299     13.2G   0.02834  0.004901   0.00026    0.0335        56       768    0.7438    0.7298    0.7592    0.3384   0.05509   0.01449  0.003215
   273/299     13.2G   0.02837  0.004881 0.0002573   0.03351        12       768    0.7254    0.7531    0.7484    0.3308   0.05493   0.01446  0.003226
   274/299     13.2G   0.02822  0.004696 0.0002818    0.0332        21       768    0.7029    0.7784    0.7685    0.3469   0.05456   0.01444  0.003199
   275/299     13.2G   0.02787  0.005117 0.0002605   0.03325        33       768    0.7091    0.7828    0.7606    0.3305   0.05498   0.01447  0.003196
   276/299     13.2G   0.02888  0.005098 0.0003166    0.0343        25       768    0.7486    0.7917    0.7932    0.3422   0.05518   0.01443   0.00318
   277/299     13.2G   0.02837   0.00529 0.0002757   0.03394        12       768    0.7304    0.7328    0.7725    0.3523   0.05526   0.01445  0.003173
   278/299     13.2G   0.02805  0.005175 0.0002389   0.03347        23       768    0.6788    0.7857    0.7522    0.3449   0.05537   0.01444  0.003172
   279/299     13.2G   0.02834  0.005124 0.0003139   0.03378        28       768    0.7735    0.7073    0.7688    0.3308   0.05551   0.01438  0.003173
   280/299     13.2G    0.0286  0.005021 0.0003678   0.03399        31       768    0.7858    0.7165    0.7734    0.3322   0.05604   0.01438  0.003175
   281/299     13.2G   0.02801  0.005042 0.0002881   0.03334        35       768    0.7237    0.7957    0.7873    0.3445   0.05597   0.01433   0.00319
   282/299     13.2G   0.02768  0.004765 0.0002927   0.03274        37       768    0.7131    0.8034    0.7857    0.3459   0.05534   0.01437  0.003207
   283/299     13.2G   0.02806  0.005045 0.0003581   0.03346        33       768    0.6987    0.8235     0.791    0.3542   0.05508   0.01432   0.00321
   284/299     13.2G    0.0276  0.004936 0.0002845   0.03282        29       768    0.7656    0.7024    0.7934    0.3508   0.05533   0.01427   0.00323
   285/299     13.2G   0.02767  0.004943 0.0002638   0.03288        35       768    0.7913    0.6884    0.7943    0.3439   0.05547   0.01435   0.00324
   286/299     13.2G   0.02777  0.005054 0.0002967   0.03312        34       768    0.7377    0.7293     0.799     0.344   0.05527   0.01437  0.003214
   287/299     13.2G   0.02808  0.005155 0.0002707    0.0335        17       768    0.7529     0.719    0.7862    0.3471   0.05569   0.01446  0.003188
   288/299     13.2G   0.02787  0.004886 0.0003185   0.03308        28       768    0.7158    0.7399    0.7516    0.3428   0.05593   0.01443  0.003175
   289/299     13.2G   0.02794   0.00491 0.0002517    0.0331        24       768    0.7333    0.7144    0.7592     0.332   0.05591   0.01446  0.003175
   290/299     13.2G   0.02804  0.004842 0.0002474   0.03313        27       768    0.6559    0.7745    0.7556    0.3348   0.05569   0.01451  0.003167
   291/299     13.2G   0.02739  0.004801 0.0003966   0.03259        31       768    0.7231    0.7694    0.7668    0.3427   0.05622   0.01447  0.003149
   292/299     13.2G   0.02786  0.004794 0.0002234   0.03287        28       768    0.7145    0.7517    0.7821    0.3397   0.05587   0.01442  0.003135
   293/299     13.2G   0.02803   0.00503  0.000266   0.03333        19       768    0.6905    0.7644    0.7537    0.3377   0.05585   0.01431  0.003145
   294/299     13.2G   0.02768  0.004719 0.0002888   0.03268        27       768    0.6714    0.7808    0.7462    0.3388   0.05593   0.01431  0.003139
   295/299     13.2G   0.02776   0.00502 0.0002443   0.03302        15       768    0.7561     0.727    0.7768    0.3369   0.05617   0.01436   0.00315
   296/299     13.2G   0.02766  0.004816 0.0002337   0.03271        36       768    0.7465    0.6854    0.7468    0.3408   0.05602   0.01434  0.003131
   297/299     13.2G   0.02806  0.004951 0.0002677   0.03328        34       768    0.6671    0.7733    0.7514    0.3282   0.05532   0.01438  0.003138
   298/299     13.2G   0.02789  0.004995 0.0003988   0.03328        29       768    0.7077    0.7298    0.7469    0.3225   0.05554   0.01443   0.00315
   299/299     13.2G   0.02772  0.004837 0.0002547   0.03281        56       768    0.7363    0.7595    0.7768    0.3287   0.05591   0.01439  0.003155
